file: i170b2h0_t0
min: 1.71122371
max: 17092.306826
count: 250000
total: 1835356.3462578524
mean: 7.3414253850314095
variance: 15761.214072320641
