file: i170b2h0_t0
min: 1.71122371
max: 17092.306826
mean: 7.3414253850315285
variance: 15761.151027464937
